17035:3,5,33,31,7;4,7
17035:5,31,27,19,10;4,10
17035:20,7,1,8,3;1,7
17035:7,33,4,3,31;4,10
17035:3,8,33,19,1;8,7
17035:5,9,31,1,19;12,7
17035:27,33,7,4,3;1,12
17035:33,28,7,20,9;8,4
17035:8,10,4,19,9;7,8
17035:31,33,7,28,4;7,8
17035:9,7,5,3,11;4,1
17035:31,8,7,9,11;7,1
17035:33,28,35,10,8;10,1
17035:7,10,19,9,28;8,1
17035:8,35,11,19,4;7,12
17035:10,33,35,27,11;7,1
17035:27,11,9,33,31;7,1
17035:28,35,8,19,20;1,10
17035:31,11,8,10,3;7,10
17035:1,35,4,9,33;10,8
17035:27,33,20,9,19;4,8
17035:8,33,4,28,11;4,12
17035:8,27,9,10,20;8,7
17035:35,20,7,1,10;10,4
17035:7,1,8,9,33;1,10
17035:9,10,28,27,35;7,1
17035:8,3,31,19,35;8,12
17035:10,9,3,1,28;1,4
17062:33,22,5,6,3;9,1
17062:5,2,34,22,6;8,11
17062:34,27,22,33,1;9,7
17062:5,1,29,3,22;7,8
