17059:8,11,13,15,17;3,10
17058:14,18,20,21,28;3,6
17057:12,16,19,23,24;2,5
17056:1,4,24,27,32;3,10
17055:19,20,22,30,33;3,9
17054:16,29,30,32,33;4,5
17053:6,19,20,22,26;1,11
17052:3,19,24,28,33;4,12
17051:14,17,18,22,29;10,11
17050:12,14,17,20,28;2,6
17049:9,12,14,22,31;5,8
17048:7,9,13,15,19;3,10
17047:15,19,32,33,34;9,12
17046:4,17,20,23,30;2,3
17045:1,8,11,21,35;9,12
17044:11,16,17,18,25;2,9
17043:6,13,22,25,35;9,12
17042:2,17,31,33,34;1,7
17041:2,4,6,25,31;5,9
17040:4,6,10,23,29;9,11
17039:5,6,14,17,26;3,8
17038:4,5,13,18,27;3,9
17037:13,15,16,32,34;6,11
17036:1,4,9,18,33;2,5
17035:14,17,22,30,33;7,12
17034:6,12,21,26,29;2,11
17033:15,22,23,25,34;5,11
17032:2,13,14,18,29;3,9
17031:2,16,17,30,32;2,9
17030:21,22,24,29,34;5,6
17061:10,19,23,25,30;2,4
17060:9,15,20,26,31;5,12
17062:1,4,6,8,28;8,12
17064:1,8,20,27,30;3,4
17063:18,21,22,24,29;5,11
17065:5,11,12,19,28;5,12
17066:11,15,23,26,30;2,11
17068:7,8,19,24,27;6,7
17067:10,17,18,32,35;10,11
