17064:oldReds:[1,8,20,27,30,18,21,22,24,29,4,28,10,19,23,25,9,15,26,31] oldBlues:[3,4,5,11,8,12,2]
otherReds:[2,3,5,11,12,13,14,17,32,34] otherBlues:[6,7,10]
17064:oldReds:[1,8,20,27,30,21,22,24,29,4,6,28,10,19,23,25,9,15,26,31] oldBlues:[3,4,5,11,8,12,2]
otherReds:[2,5,11,12,13,16,17,32,33,35] otherBlues:[1,6,10]
17064:oldReds:[1,8,20,27,30,18,21,22,24,29,4,6,28,10,19,23,25,9,15,26] oldBlues:[3,4,5,11,8,12,2]
otherReds:[2,3,5,12,13,14,32,33,34,35] otherBlues:[6,7,9]
17064:oldReds:[1,8,20,27,30,18,21,22,24,29,4,6,28,10,23,25,9,15,26,31] oldBlues:[3,4,5,11,8,12,2]
otherReds:[2,3,5,7,12,13,14,32,34,35] otherBlues:[7,9,10]
17064:oldReds:[1,8,20,27,30,18,21,22,24,29,4,6,28,10,19,23,25,9,26,31] oldBlues:[3,4,5,11,8,12,2]
otherReds:[2,3,5,7,11,12,16,17,34,35] otherBlues:[6,7,10]
17064:oldReds:[8,20,27,30,18,21,22,24,29,4,6,28,10,19,23,25,9,15,26,31] oldBlues:[3,4,5,11,8,12,2]
otherReds:[2,3,5,7,13,16,17,33,34,35] otherBlues:[6,7,9]
